15,12
15,11
15,10
15,9
15,8
15,7
15,6
15,5
15,4
15,2
14,3
14,2
14,1
14,0
13,4
13,3
13,2
13,1
13,0
12,3
12,2
12,1
12,0
11,4
11,3
11,2
11,1
11,0
10,4
10,3
10,2
10,1
10,0
9,7
9,6
9,5
9,4
9,3
9,2
9,1
9,0
8,5
8,4
8,3
8,2
8,1
8,0
7,4
7,3
7,2
7,1
7,0
6,4
6,3
6,2
6,1
6,0
4,3
4,2
4,1
4,0
3,6
3,5
3,4
3,3
3,2
3,1
15,220
3,0
15,221
15,222
15,223
15,224
61,1
61,3
15,1
61,0
15,225
15,3
2,9
15,0
2,7
58,1
2,6
2,2
1,2
0,442
0,441
0,408
0,336
0,322
0,243
58,3
58,0
2,4
2,5
2,8
2,1
0,439
1,1
1,3
1,0
2,10
2,3
2,0
0,9
0,310
0,305
0,308
0,304
0,303
0,302
0,307
0,12
0,438
0,10
0,8
0,0
0,437
0,300
0,436
0,299
0,435
0,298
0,434
0,297
0,433
0,296
0,432
0,295
0,431
0,294
0,430
0,293
0,429
0,292
0,428
0,291
0,427
0,290
0,426
0,289
0,425
0,288
0,424
0,287
0,423
0,286
0,422
0,285
0,421
0,284
0,420
0,283
0,419
0,282
0,418
0,281
0,417
0,280
0,416
0,279
0,415
0,278
0,414
0,277
0,413
0,276
0,412
0,275
0,411
0,274
0,410
15,13
15,14
15,16
15,17
15,19
15,20
15,22
15,24
15,25
15,27
15,28
15,30
15,32
15,33
15,35
15,36
15,38
15,39
15,41
15,43
15,44
15,46
15,47
15,49
15,51
15,52
15,54
15,55
15,57
15,58
15,60
15,62
15,63
15,65
15,66
15,68
15,70
15,71
15,73
15,74
15,76
15,77
15,79
15,81
15,82
15,84
15,85
15,87
15,89
15,90
15,92
15,93
15,95
15,97
15,98
15,100
15,101
15,103
15,104
15,106
15,108
15,109
15,111
15,112
15,114
15,116
15,117
15,119
15,120
15,122
15,123
15,125
15,127
15,128
15,130
15,131
15,133
15,192
15,193
15,195
15,196
15,198
15,199
15,201
15,203
15,204
15,206
15,207
15,209
15,211
15,212
15,214
15,215
15,217
15,219
15,256
16,0
16,1
16,3
16,4
17,0
17,2
17,3
18,0
18,1
18,3
18,5
19,0
19,2
19,3
20,1
20,2
20,4
21,1
21,2
21,4
21,5
22,0
22,2
22,3
23,0
23,1
23,3
23,4
24,1
24,3
24,4
24,6
25,0
25,2
25,4
26,0
26,2
26,3
26,5
27,0
27,2
28,0
28,1
28,3
28,4
29,1
29,3
30,0
30,2
30,3
31,0
31,2
31,3
32,0
32,1
32,3
32,4
33,1
33,3
33,4
34,0
34,1
34,3
35,1
35,2
35,4
35,5
36,0
36,1
36,3
36,5
37,0
37,2
37,3
38,1
38,3
38,4
39,1
39,2
39,4
40,0
40,2
40,4
40,5
41,1
41,2
41,4
42,1
42,2
42,4
43,0
43,2
43,4
44,0
44,2
44,3
45,1
45,2
45,4
45,6
45,7
46,0
46,1
46,3
47,0
47,1
47,3
47,4
48,1
48,2
48,4
49,1
49,2
49,4
50,0
50,2
50,4
51,0
51,2
51,3
52,0
52,1
52,3
52,5
52,6
53,1
53,2
54,0
54,2
54,3
54,5
54,6
55,1
55,2
55,4
56,1
56,2
56,4
57,0
57,2
58,2
59,0
59,2
59,3
59,5
60,0
60,1
60,3
60,4
60,6
61,2
62,0
62,2
62,3
63,0
63,1
63,3
64,0
64,1
64,3
64,4
65,0
65,1
65,3
66,0
66,1
66,3
66,4
67,1
67,3
68,0
68,2
68,3
68,5
68,6
69,0
69,2
69,3
70,0
70,1
70,3
70,5
70,6
70,8
70,9
71,0
71,2
71,3
72,1
72,2
72,4
73,0
73,2
73,4
74,0
74,2
74,3
74,5
75,0
75,1
75,3
75,4
75,5
75,2
74,6
74,4
74,1
73,3
73,1
72,3
72,0
71,1
70,10
70,7
70,4
70,2
69,4
69,1
68,7
68,4
68,1
67,2
67,0
66,2
65,4
65,2
64,5
64,2
63,4
63,2
62,4
62,1
61,4
60,5
60,2
59,6
59,4
59,1
57,3
57,1
56,3
56,0
55,3
55,0
54,4
54,1
53,3
53,0
52,4
52,2
51,4
51,1
50,3
50,1
49,3
49,0
48,3
48,0
47,2
46,4
46,2
45,8
45,5
45,3
45,0
44,1
43,3
43,1
42,3
42,0
41,3
41,0
40,3
40,1
39,3
39,0
38,2
38,0
37,1
36,4
36,2
35,6
35,3
35,0
34,2
33,5
33,2
33,0
32,2
31,4
31,1
30,4
30,1
29,2
29,0
28,2
27,3
27,1
26,4
26,1
25,3
25,1
24,5
24,2
24,0
23,2
22,4
22,1
21,6
21,3
21,0
20,3
20,0
19,1
18,4
18,2
17,4
17,1
16,5
16,2
15,257
15,218
15,216
15,213
15,210
15,208
15,205
15,202
15,200
15,197
15,194
15,134
15,132
15,129
15,126
15,124
15,121
15,118
15,115
15,113
15,110
15,107
15,105
15,102
15,99
15,96
15,94
15,91
15,88
15,86
15,83
15,80
15,78
15,75
15,72
15,69
15,67
15,64
15,61
15,59
15,56
15,53
15,50
15,48
15,45
15,42
15,40
15,37
15,34
15,31
15,29
15,26
15,23
15,21
15,18
15,15
0,273
0,409
0,272
0,407
0,271
0,406
0,270
0,405
0,269
0,404
0,268
0,403
0,267
0,402
0,266
0,401
0,265
0,400
0,264
0,399
0,263
0,398
0,262
0,397
0,261
0,396
0,260
0,395
0,259
0,394
0,258
0,393
0,257
0,392
0,256
0,391
0,255
0,390
0,254
0,389
0,253
0,388
0,252
0,387
0,251
0,386
0,250
0,385
0,249
0,384
0,248
0,383
0,247
0,382
0,246
0,381
0,245
0,380
0,244
0,379
0,242
0,378
0,241
0,377
0,240
0,376
0,239
0,375
0,238
0,374
0,237
0,373
0,236
0,372
0,235
0,371
0,234
0,370
0,233
0,369
0,232
0,368
0,231
0,367
0,230
0,366
0,229
0,365
0,228
0,364
0,227
0,363
0,226
0,362
0,225
0,361
0,224
0,360
0,223
0,359
0,222
0,358
0,221
0,357
0,220
0,356
0,219
0,355
0,218
0,354
0,217
0,353
0,216
0,352
0,215
0,351
0,214
0,350
0,213
0,349
0,212
0,348
0,211
0,347
0,210
0,346
0,209
0,345
0,208
0,344
0,207
0,343
0,206
0,342
0,205
0,341
0,204
0,340
0,203
0,339
0,202
0,338
0,201
0,337
0,200
0,440
0,199
0,335
0,198
0,334
0,197
0,333
0,196
0,332
0,195
0,331
0,194
0,330
0,193
0,329
0,192
0,328
0,63
0,327
0,62
0,326
0,61
0,325
0,60
0,324
0,59
0,323
0,58
0,321
0,57
0,320
0,56
0,319
0,55
0,318
0,54
0,317
0,53
0,316
0,52
0,315
0,51
0,314
0,50
0,313
0,49
0,312
0,48
0,311
0,47
0,309
0,46
0,306
0,45
0,301
0,6
0,5
0,1
0,11
0,4
0,2
0,3
0,7
